24508
24492
24476
24459
24443
24425
24408
24391
24373
24355
24336
24318
24299
24280
24261
24241
24222
24202
24182
24161
24141
24120
24098
24077
24056
24034
24012
23989
23967
23944
23921
23898
23874
23851
23827
23803
23779
23754
23729
23704
23679
23654
23628
23602
23576
23550
23523
23497
23470
23443
23415
23388
23360
23332
23304
23275
23247
23218
23189
23160
23131
23101
23071
23041
23011
22981
22950
22919
22888
22857
22826
22795
22763
22731
22699
22667
22634
22602
22569
22536
22503
22470
22436
22402
22369
22335
22300
22266
22231
22197
22162
22127
22092
22056
22021
21985
21949
21913
21877
21841
21805
21768
21731
21694
21657
21620
21583
21545
21508
21470
21432
21394
21356
21317
21279
21240
21201
21163
21124
21084
21045
21006
20966
20927
20887
20847
20807
20767
20726
20686
20646
20605
20564
20523
20483
20441
20400
20359
20318
20276
20235
20193
20151
20109
20067
20025
19983
19941
19898
19856
19813
19771
19728
19685
19643
19600
19557
19513
19470
19427
19384
19340
19297
19253
19209
19166
19122
19078
19034
18990
18946
18902
18858
18814
18770
18725
18681
18636
18592
18547
18503
18458
18414
18369
18324
18279
18235
18190
18145
18100
18055
18010
17965
17920
17875
17829
17784
17739
17694
17649
17603
17558
17513
17468
17422
17377
17332
17286
17241
17196
17150
17105
17059
17014
16969
16923
16878
16833
16787
16742
16696
16651
16606
16560
16515
16470
16424
16379
16334
16289
16243
16198
16153
16108
16063
16018
15973
15928
15883
15838
15793
15748
15703
15658
15613
15568
15524
15479
15434
15390
15345
15301
15256
15212
15167
15123
15079
15035
14991
14946
14902
14858
14815
14771
14727
14683
14640
14596
14552
14509
14466
14422
14379
14336
14293
14250
14207
14164
14121
14079
14036
13993
13951
13909
13866
13824
13782
13740
13698
13656
13615
13573
13531
13490
13449
13407
13366
13325
13284
13243
13203
13162
13121
13081
13041
13001
12960
12920
12881
12841
12801
12762
12722
12683
12644
12605
12566
12527
12488
12450
12411
12373
12335
12297
12259
12221
12183
12145
12108
12071
12034
11997
11960
11923
11886
11850
11813
11777
11741
11705
11669
11634
11598
11563
11527
11492
11457
11423
11388
11353
11319
11285
11251
11217
11183
11150
11116
11083
11050
11017
10984
10951
10919
10886
10854
10822
10790
10758
10727
10695
10664
10633
10602
10571
10541
10510
10480
10450
10420
10390
10361
10331
10302
10273
10244
10215
10187
10158
10130
10102
10074
10046
10019
9991
9964
9937
9910
9883
9857
9831
9804
9778
9753
9727
9702
9676
9651
9626
9601
9577
9552
9528
9504
9480
9457
9433
9410
9387
9364
9341
9318
9296
9274
9252
9230
9208
9187
9165
9144
9123
9103
9082
9062
9041
9021
9002
8982
8962
8943
8924
8905
8886
8868
8849
8831
8813
8795
8778
8760
8743
8726
8709
8692
8676
8659
8643
8627
8611
8596
8580
8565
8550
8535
8521
8506
8492
8478
8464
8450
8436
8423
8410
8397
8384
8371
8358
8346
8334
8322
8310
8299
8287
8276
8265
8254
8243
8233
8222
8212
8202
8192
8183
8173
8164
8155
8146
8137
8129
8120
8112
8104
8096
8088
8081
8073
8066
8059
8052
8046
8039
8033
8027
8021
8015
8009
8004
7998
7993
7988
7983
7979
7974
7970
7966
7962
7958
7954
7951
7947
7944
7941
7938
7935
7933
7930
7928
7926
7924
7922
7920
7919
7918
7916
7915
7915
7914
7913
7913
7912
7912
7912
7912
7913
7913
7914
7915
7915
7916
7918
7919
7920
7922
7924
7925
7927
7929
7932
7934
7937
7939
7942
7945
7948
7951
7954
7958
7961
7965
7969
7973
7977
7981
7985
7990
7994
7999
8004
8009
8014
8019
8024
8029
8035
8040
8046
8052
8058
8064
8070
8076
8082
8089
8095
8102
8109
8116
8123
8130
8137
8144
8151
8159
8166
8174
8182
8190
8197
8205
8213
8222
8230
8238
8247
8255
8264
8272
8281
8290
8299
8308
8317
8326
8335
8345
8354
8363
8373
8382
8392
8402
8411
8421
8431
8441
8451
8461
8471
8482
8492
8502
8513
8523
8534
8544
8555
8565
8576
8587
8598
8608
8619
8630
8641
8652
8663
8674
8685
8697
8708
8719
8730
8742
8753
8764
8776
8787
8799
8810
8822
8833
8845
8856
8868
8880
8891
8903
8915
8926
8938
8950
8962
8973
8985
8997
9009
9021
9032
9044
9056
9068
9080
9092
9103
9115
9127
9139
9151
9163
9175
9186
9198
9210
9222
9234
9245
9257
9269
9281
9292
9304
9316
9327
9339
9351
9362
9374
9386
9397
9409
9420
9432
9443
9454
9466
9477
9489
9500
9511
9522
9533
9545
9556
9567
9578
9589
9600
9611
9622
9632
9643
9654
9665
9675
9686
9696
9707
9717
9728
9738
9748
9758
9769
9779
9789
9799
9809
9819
9828
9838
9848
9857
9867
9876
9886
9895
9904
9914
9923
9932
9941
9950
9959
9967
9976
9985
9993
10002
10010
10019
10027
10035
10043
10051
10059
10067
10075
10082
10090
10097
10105
10112
10119
10126
10134
10140
10147
10154
10161
10167
10174
10180
10187
10193
10199
10205
10211
10217
10223
10228
10234
10239
10244
10250
10255
10260
10265
10270
10274
10279
10283
10288
10292
10296
10300
10304
10308
10312
10316
10319
10323
10326
10329
10332
10335
10338
10341
10343
10346
10348
10351
10353
10355
10357
10359
10360
10362
10363
10365
10366
10367
10368
10369
10370
10370
10371
10371
10371
10372
10372
10371
10371
10371
10370
10370
10369
10368
10367
10366
10365
10364
10362
10361
10359
10357
10355
10353
10351
10349
10346
10343
10341
10338
10335
10332
10329
10325
10322
10318
10314
10311
10307
10302
10298
10294
10289
10285
10280
10275
10270
10265
10260
10254
10249
10243
10237
10231
10225
10219
10213
10206
10200
10193
10186
10179
10172
10165
10158
10150
10143
10135
10127
10119
10111
10103
10095
10086
10078
10069
10060
10051
10042
10033
10024
10014
10005
9995
9985
9975
9965
9955
9945
9934
9924
9913
9902
9891
9880
9869
9858
9846
9835
9823
9811
9800
9788
9775
9763
9751
9738
9726
9713
9700
9688
9674
9661
9648
9635
9621
9608
9594
9580
9566
9552
9538
9524
9510
9495
9481
9466
9451
9436
9421
9406
9391
9376
9360
9345
9329
9313
9298
9282
9266
9250
9233
9217
9201
9184
9168
9151
9134
9117
9101
9084
9066
9049
9032
9014
8997
8979
8962
8944
8926
8908
8890
8872
8854
8836
8818
8799
8781
8762
8744
8725
8706
8687
8668
8649
8630
8611
8592
8573
8553
8534
8514
8495
8475
8455
8436
8416
8396
8376
8356
8336
8316
8296
8276
8255
8235
8215
8194
8174
8153
8133
8112
8091
8071
8050
8029
8008
7987
7966
7945
7924
7903
7882
7861
7840
7819
7797
7776
7755
7733
7712
7691
7669
7648
7626
7605
7583
7562
7540
7518
7497
7475
7453
7432
7410
7388
7367
7345
7323
7302
7280
7258
7236
7214
7193
7171
7149
7127
7106
7084
7062
7040
7018
6997
6975
6953
6931
6910
6888
6866
6844
6823
6801
6779
6758
6736
6715
6693
6671
6650
6628
6607
6585
6564
6543
6521
6500
6479
6457
6436
6415
6394
6373
6351
6330
6309
6288
6267
6247
6226
6205
6184
6164
6143
6122
6102
6081
6061
6040
6020
6000
5980
5960
5940
5920
5900
5880
5860
5840
5820
5801
5781
5762
5743
5723
5704
5685
5666
5647
5628
5609
5590
5572
5553
5534
5516
5498
5479
5461
5443
5425
5407
5390
5372
5354
5337
5319
5302
5285
5268
5251
5234
5217
5201
5184
5168
5151
5135
5119
5103
5087
5071
5056
5040
5025
5009
4994
4979
4964
4949
4935
4920
4906
4891
4877
4863
4849
4836
4822
4808
4795
4782
4769
4756
4743
4730
4718
4705
4693
4681
4669
4657
4645
4634
4622
4611
4600
4589
4578
4568
4557
4547
4537
4527
4517
4507
4498
4488
4479
4470
4461
4452
4444
4436
4427
4419
4411
4404
4396
4389
4382
4375
4368
4361
4354
4348
4342
4336
4330
4325
4319
4314
4309
4304
4299
4295
4290
4286
4282
4278
4275
4271
4268
4265
4262
4260
4257
4255
4253
4251
4249
4248
4246
4245
4244
4244
4243
4243
4243
4243
4243
4243
4244
4245
4246
4247
4249
4250
4252
4254
4257
4259
4262
4265
4268
4271
4275
4279
4283
4287
4291
4296
4301
4306
4311
4316
4322
4328
4334
4340
4347
4353
4360
4367
4375
4382
4390
4398
4406
4415
4424
4432
4442
4451
4460
4470
4480
4490
4501
4511
4522
4533
4545
4556
4568
4580
4592
4604
4617
4630
4643
4656
4670
4683
4697
4712
4726
4741
4755
4771
4786
4801
4817
4833
4849
4866
4882
4899
4916
4933
4951
4969
4987
5005
5023
5042
5061
5080
5099
5119
5138
5158
5179
5199
5220
5241
5262
5283
5304
5326
5348
5370
5393
5415
5438
5461
5485
5508
5532
5556
5580
5604
5629
5654
5679
5704
5729
5755
5781
5807
5833
5860
5887
5914
5941
5968
5996
6024
6052
6080
6109
6137
6166
6195
6225
6254
6284
6314
6344
6374
6405
6436
6467
6498
6529
6561
6593
6625
6657
6689
6722
6755
6788
6821
6854
6888
6922
6956
6990
7024
7059
7094
7129
7164
7199
7235
7270
7306
7343
7379
7415
7452
7489
7526
7563
7601
7638
7676
7714
7752
7791
7829
7868
7907
7946
7985
8025
8064
8104
8144
8184
8224
8265
8305
8346
8387
8428
8470
8511
8553
8595
8637
8679
8721
8763
8806
8849
8892
8935
8978
9021
9065
9109
9152
9196
9241
9285
9329
9374
9419
9463
9508
9554
9599
9644
9690
9736
9781
9827
9873
9920
9966
10013
10059
10106
10153
10200
10247
10294
10342
10389
10437
10485
10532
10580
10628
10677
10725
10773
10822
10871
10919
10968
11017
11066
11115
11165
11214
11264
11313
11363
11413
11463
11512
11563
11613
11663
11713
11764
11814
11865
11915
11966
12017
12068
12119
12170
12221
12272
12323
12375
12426
12478
12529
12581
12632
12684
12736
12788
12840
12892
12944
12996
13048
13100
13152
13205
13257
13309
13362
13414
13467
13519
13572
13624
13677
13730
13782
13835
13888
13941
13994
14046
14099
14152
14205
14258
14311
14364
14417
14470
14523
14576
14629
14682
14735
14788
14842
14895
14948
15001
15054
15107
15160
15213
15266
15319
15372
15425
15478
15531
15584
15637
15690
15743
15796
15849
15902
15955
16007
16060
16113
16166
16218
16271
16324
16376
16429
16481
16534
16586
16638
16691
16743
16795
16847
16900
16952
17004
17056
17107
17159
17211
17263
17314
17366
17417
17469
17520
17572
17623
17674
17725
17776
17827
17878
17928
17979
18030
18080
18131
18181
18231
18281
18331
18381
18431
18481
18531
18580
18630
18679
18728
18777
18826
18875
18924
18973
19022
19070
19118
19167
19215
19263
19311
19358
19406
19454
19501
19548
19595
19643
19689
19736
19783
19829
19876
19922
19968
20014
20060
20105
20151
20196
20241
20286
20331
20376
20421
20465
20509
20554
20598
20641
20685
20729
20772
20815
20858
20901
20944
20986
21028
21071
21113
21154
21196
21238
21279
21320
21361
21402
21442
21483
21523
21563
21603
21643
21682
21721
21760
21799
21838
21877
21915
21953
21991
22029
22066
22104
22141
22178
22214
22251
22287
22323
22359
22395
22431
22466
22501
22536
22570
22605
22639
22673
22707
22741
22774
22807
22840
22873
22905
22937
22969
23001
23033
23064
23095
23126
23157
23187
23218
23248
23277
23307
23336
23365
23394
23423
23451
23479
23507
23534
23562
23589
23616
23643
23669
23695
23721
23747
23772
23797
23822
23847
23872
23896
23920
23943
23967
23990
24013
24036
24058
24080
24102
24124
24145
24167
24187
24208
24229
24249
24269
24288
24308
24327
24345
24364
24382
24400
24418
24436
24453
24470
24487
24503
24520
24535
24551
24567
24582
24597
24611
24626
24640
24654
24667
24680
24693
24706
24719
24731
24743
24754
24766
24777
24788
24798
24809
24819
24829
24838
24847
24856
24865
24873
24882
24889
24897
24904
24911
24918
24925
24931
24937
24943
24948
24953
24958
24963
24967
24971
24975
24978
24981
24984
24987
24990
24992
24994
24995
24996
24997
24998
24999
24999
24999
24999
24998
24997
24996
24995
24993
24991
24989
24986
24984
24981
24977
24974
24970
24966
24961
24957
24952
24947
24941
24936
24930
24923
24917
24910
24903
24896
24888
24880
24872
24864
24855
24846
24837
24828
24818
24808
24798
24787
24777
24766
24754
24743
24731
24719
24707
24694
24682
24668
24655
24642
24628
24614
24599
24585
24570
24555
24540
24524
